/cy/controls 0 0.44 1 0.463559 2 0.690678 3 0.7 4 0.85339 5 0.399153
;
/cb/controls 0 0.0966102 1 0.30339 2 0.75 3 0.554237 4 0.457627 5 0.540847
;
/bl/controls 0 0.198305 1 0.7 2 0.383051;
/lt/controls 0 0.320508 1 0.49;
/ht/controls 0 0.414237 1 0.49;
/gs/controls 0 0.49661 1 0.4;
/ah/controls 0 0.445763 1 0.461017 2 0.527966 3 0.493898 4 0.464068
5 0.585593 6 0.654237 7 0.366102;
/cl/controls 0 0.397458 1 0.2 2 0.9 3 0.336441 4 0.418644 5 0.469492
6 0.623898 7 0.350847;
/sn/controls 0 0.354407 1 0.562712 2 0.784746 3 0.549153 4 0.668644
5 0.538644 6 0.295763 7 0.701695 8 0.333051 9 0.297458;
/hh/controls 0 0.548644 1 0.827966 2 0.0732203 3 0.865932 4 0.69661
5 0.166949 6 0.493898 7 0.6 8 0.841695 9 0.620339 10 0.735254 11 0.298305
;
/bd/controls 0 0.433898 1 0.60339 2 0.552542 3 0.338983 4 0.971186
5 0.937288 6 0.642542 7 0.506949;
