/cy/controls 0 0.44 1 0.65 2 0.25 3 0.7 4 0.65 5 0.45;
/cb/controls 0 0.3 1 0.1 2 0.75 3 0.3 4 0 5 0.49;
/bl/controls 0 0.3 1 0.7 2 0.4;
/lt/controls 0 0.49 1 0.49;
/ht/controls 0 0.498983 1 0.49;
/gs/controls 0 0.7 1 0.4;
/ah/controls 0 0.7 1 0.8 2 0.85 3 0.46 4 0.481017 5 0.45 6 0.4 7 0.4
;
/cl/controls 0 0.55 1 0.2 2 0.9 3 0.15 4 0.3 5 0.3 6 0.59 7 0.3;
/sn/controls 0 0.49 1 0.8 2 0.7 3 0.6 4 0.55 5 0.42 6 0.55 7 0.6 8
0.35 9 0.45;
/hh/controls 0 0.43 1 0.15 2 0.48 3 0.51 4 0.9 5 0.15 6 0.46 7 0.7
8 0.74 9 0.4 10 0.82 11 0.4;
/bd/controls 0 0.4 1 0.4 2 0.4 3 0 4 0.7 5 0.7 6 0.49 7 0.49;
