/cy/controls 0 0.185763 1 0.972034 2 0.944915 3 1 4 0.44661 5 0.534746
;
/cb/controls 0 0.079661 1 0.659322 2 0.665254 3 0.215254 4 0.610169
5 0.388305;
/bl/controls 0 0.079661 1 0.818644 2 0.484746;
/lt/controls 0 0.101695 1 0.49;
/ht/controls 0 0.498983 1 0.49;
/gs/controls 0 0.818644 1 0.4;
/ah/controls 0 0.225424 1 0.274576 2 0.527966 3 0.392203 4 0.396271
5 0.585593 6 0.654237 7 0.433898;
/cl/controls 0 0.244915 1 0.471186 2 0.645763 3 0.709322 4 0.113559
5 0.367797 6 0.725593 7 0.418644;
/sn/controls 0 0.574746 1 0.528814 2 0.784746 3 0.176271 4 0.516102
5 0.436949 6 0.448305 7 0.566102 8 0.282203 9 0.314407;
/hh/controls 0 0.141864 1 0.101695 2 0.174915 3 0.543898 4 0.188136
5 0.217797 6 0.46 7 0.45 8 0.745763 9 0.654237 10 0.61661 11 0.705085
;
/bd/controls 0 0.383051 1 0.671186 2 0.552542 3 0.355932 4 0.677966
5 0.920339 6 0.642542 7 0.557797;
