/cy/controls 0 0.321356 1 0.311017 2 0.944915 3 0 4 0.423729 5 0.399153
;
/cb/controls 0 0.079661 1 0.659322 2 0.665254 3 0.215254 4 0.610169
5 0.388305;
/bl/controls 0 0.808475 1 0.818644 2 0.19661;
/lt/controls 0 1 1 0.49;
/ht/controls 0 0.837966 1 0.49;
/gs/controls 0 0.818644 1 0.4;
/ah/controls 0 0.0559322 1 0.783051 2 0.782203 3 0.392203 4 0.531864
5 0.636441 6 0.298305 7 0.332203;
/cl/controls 0 0.600847 1 0.759322 2 0.357627 3 0.692373 4 0.610169
5 0.198305 6 0.559322 7 0.554237;
/sn/controls 0 0.761186 1 0.410169 2 0 3 0.888136 4 0.295763 5 0.267458
6 0.499153 7 0.938983 8 0.383898 9 0.500847;
/hh/controls 0 0.254237 1 0.966102 2 0.039322 3 1 4 0.0186441 5 0.15
6 0.0871186 7 0.3 8 0.728814 9 0.671186 10 0.565763 11 0.654237;
/bd/controls 0 0.450847 1 0.552542 2 0.840678 3 0.372881 4 0.355932
5 0.310169 6 0.625593 7 0.439153;
